3.776e+03 4.327e+03 5.215e+03 5.807e+03 6.408e+03 7.008e+03 7.049e+03 7.107e+03 7.682e+03 8.562e+03 9.081e+03 9.475e+03
1.171e-05 1.468e-05 1.846e-05 2.187e-05 2.446e-05 2.165e-05 4.276e-10 3.951e-10 7.351e-10 8.101e-10 9.531e-10 1.082e-09
1.177e-04 1.396e-04 1.659e-04 1.884e-04 2.049e-04 1.870e-04 5.135e-08 4.835e-08 7.750e-08 8.342e-08 9.439e-08 1.039e-07
8.699e-04 9.826e-04 1.112e-03 1.218e-03 1.293e-03 1.211e-03 3.256e-06 3.117e-06 4.390e-06 4.631e-06 5.066e-06 5.433e-06
4.726e-03 5.124e-03 5.561e-03 5.906e-03 6.146e-03 5.885e-03 1.091e-04 1.059e-04 1.336e-04 1.386e-04 1.473e-04 1.545e-04
1.887e-02 1.979e-02 2.076e-02 2.150e-02 2.200e-02 2.145e-02 1.929e-03 1.894e-03 2.186e-03 2.236e-03 2.321e-03 2.390e-03
5.541e-02 5.660e-02 5.782e-02 5.873e-02 5.933e-02 5.867e-02 1.802e-02 1.785e-02 1.922e-02 1.944e-02 1.982e-02 2.012e-02
1.196e-01 1.199e-01 1.202e-01 1.204e-01 1.205e-01 1.204e-01 8.891e-02 8.863e-02 9.079e-02 9.113e-02 9.169e-02 9.213e-02
1.897e-01 1.881e-01 1.865e-01 1.852e-01 1.843e-01 1.853e-01 2.317e-01 2.318e-01 2.305e-01 2.303e-01 2.299e-01 2.296e-01
2.213e-01 2.186e-01 2.158e-01 2.138e-01 2.124e-01 2.139e-01 3.188e-01 3.194e-01 3.144e-01 3.136e-01 3.123e-01 3.112e-01
1.897e-01 1.881e-01 1.865e-01 1.852e-01 1.843e-01 1.853e-01 2.317e-01 2.318e-01 2.305e-01 2.303e-01 2.299e-01 2.296e-01
1.196e-01 1.199e-01 1.202e-01 1.204e-01 1.205e-01 1.204e-01 8.891e-02 8.863e-02 9.079e-02 9.113e-02 9.169e-02 9.213e-02
5.541e-02 5.660e-02 5.782e-02 5.873e-02 5.933e-02 5.867e-02 1.802e-02 1.785e-02 1.922e-02 1.944e-02 1.982e-02 2.012e-02
1.887e-02 1.979e-02 2.076e-02 2.150e-02 2.200e-02 2.145e-02 1.929e-03 1.894e-03 2.186e-03 2.236e-03 2.321e-03 2.390e-03
4.726e-03 5.124e-03 5.561e-03 5.906e-03 6.146e-03 5.885e-03 1.091e-04 1.059e-04 1.336e-04 1.386e-04 1.473e-04 1.545e-04
8.699e-04 9.826e-04 1.112e-03 1.218e-03 1.293e-03 1.211e-03 3.256e-06 3.117e-06 4.390e-06 4.631e-06 5.066e-06 5.433e-06
1.177e-04 1.396e-04 1.659e-04 1.884e-04 2.049e-04 1.870e-04 5.135e-08 4.835e-08 7.750e-08 8.342e-08 9.439e-08 1.039e-07
1.171e-05 1.468e-05 1.846e-05 2.187e-05 2.446e-05 2.165e-05 4.276e-10 3.951e-10 7.351e-10 8.101e-10 9.531e-10 1.082e-09
